"csg" :
[
  [
  {
    "name"  : "body"
    "type"  : "sphere"
    "rgb"   : "255 248 57"
    "round%": "0.1"
    "line_w": "1"
    "r"     : "1 0 0 0 1 0 0 0 1"
    "t"     : "-16.6003 5.40126 44.4668"
    "s"     : "30.4438 31.9765 21.8408"
  }
  {
    "name"  : "head"
    "type"  : "sphere"
    "rgb"   : "255 245 56"
    "round%": "0.1"
    "line_w": "1"
    "r"     : "0.998955 0.0384123 -0.0247506 -0.0385162 0.999251 -0.00373349 0.0245886 0.00468288 0.999687"
    "t"     : "-27.0537 6.32615 73.9541"
    "s"     : "18.1252 18.1252 18.1252"
  }
  {
    "name"  : "tail"
    "type"  : "sphere"
    "rgb"   : "255 245 56"
    "blend" : "4"
    "round%": "0.1"
    "line_w": "1"
    "r"     : "0.361789 0.0226514 0.931985 -0.0396853 0.999173 -0.00887889 -0.931415 -0.0337738 0.362388"
    "t"     : "6.88475 7.63898 47.7649"
    "s"     : "18.1252 18.1252 10.3254"
  }
  {
    "name"  : "upper mouth"
    "type"  : "sphere"
    "rgb"   : "255 128 55"
    "round%": "0.1"
    "line_w": "1"
    "r"     : "0.778784 -0.122567 -0.615201 0.10735 0.992299 -0.0618026 0.618038 -0.0179109 0.785944"
    "t"     : "-44.7988 5.9601 76.6612"
    "s"     : "6.4316 7.61771 3.62505"
  }
  {
    "name"  : "lower mouth"
    "type"  : "sphere"
    "rgb"   : "255 128 55"
    "round%": "0.1"
    "line_w": "1"
    "r"     : "0.897665 -0.0550575 0.437225 0.0679265 0.997595 -0.0138377 -0.435411 0.0421208 0.899246"
    "t"     : "-42.2318 6.35819 72.5965"
    "s"     : "6.4316 7.61771 3.62505"
  }
  {
    "name"  : "left wing"
    "type"  : "sphere"
    "rgb"   : "255 245 56"
    "round%": "0.1"
    "line_w": "1"
    "r"     : "1 0 0 0 1 0 0 0 1"
    "t"     : "-15.1189 -13.2997 42.1926"
    "s"     : "18.1252 18.1252 9.1036"
  }
  {
    "name"  : "right wing"
    "type"  : "sphere"
    "rgb"   : "255 245 56"
    "round%": "0.1"
    "line_w": "1"
    "r"     : "1 0 0 0 1 0 0 0 1"
    "t"     : "-15.8109 26.3877 42.1926"
    "s"     : "18.1252 18.1252 8.40977"
  }
  {
    "name"  : "eye"
    "type"  : "sphere"
    "rgb"   : "0 0 0"
    "round%": "0.1"
    "line_w": "1"
    "r"     : "1 0 0 0 1 0 0 0 1"
    "t"     : "-39.7298 14.6378 81.4152"
    "s"     : "2.4167 2 2.4167"
  }
  {
    "name"  : "eye"
    "type"  : "sphere"
    "rgb"   : "0 0 0"
    "round%": "0.1"
    "line_w": "1"
    "r"     : "1 0 0 0 1 0 0 0 1"
    "t"     : "-38.9869 -3.48174 81.343"
    "s"     : "2.4167 2 2.4167"
  }
  ]
]
"object" :
[
  {
  }
]
"palette" :
[
  "0 0 0"
  "75 75 75"
  "75 75 75"
  "75 75 75"
  "75 75 75"
  "75 75 75"
  "75 75 75"
  "75 75 75"
  "75 75 75"
  "75 75 75"
  "75 75 75"
  "75 75 75"
  "75 75 75"
  "75 75 75"
  "75 75 75"
  "75 75 75"
  "75 75 75"
  "75 75 75"
  "75 75 75"
  "75 75 75"
  "75 75 75"
  "75 75 75"
  "75 75 75"
  "75 75 75"
  "75 75 75"
  "75 75 75"
  "75 75 75"
  "75 75 75"
  "75 75 75"
  "75 75 75"
  "75 75 75"
  "75 75 75"
  "75 75 75"
  "75 75 75"
  "75 75 75"
  "75 75 75"
  "75 75 75"
  "75 75 75"
  "75 75 75"
  "215 84 85"
  "75 75 75"
  "75 75 75"
  "75 75 75"
  "75 75 75"
  "75 75 75"
  "247 92 47"
  "75 75 75"
  "75 75 75"
  "75 75 75"
  "75 75 75"
  "75 75 75"
  "75 75 75"
  "75 75 75"
  "75 75 75"
  "75 75 75"
  "75 75 75"
  "75 75 75"
  "75 75 75"
  "75 75 75"
  "75 75 75"
  "75 75 75"
  "75 75 75"
  "75 75 75"
  "75 75 75"
  "75 75 75"
  "75 75 75"
  "75 75 75"
  "75 75 75"
  "75 75 75"
  "75 75 75"
  "75 75 75"
  "75 75 75"
  "75 75 75"
  "75 75 75"
  "75 75 75"
  "75 75 75"
  "75 75 75"
  "75 75 75"
  "75 75 75"
  "253 160 149"
  "75 75 75"
  "75 75 75"
  "75 75 75"
  "75 75 75"
  "75 75 75"
  "75 75 75"
  "75 75 75"
  "75 75 75"
  "75 75 75"
  "75 75 75"
  "75 75 75"
  "75 75 75"
  "75 75 75"
  "75 75 75"
  "75 75 75"
  "75 75 75"
  "75 75 75"
  "75 75 75"
  "75 75 75"
  "75 75 75"
  "75 75 75"
  "75 75 75"
  "75 75 75"
  "75 75 75"
  "75 75 75"
  "75 75 75"
  "75 75 75"
  "75 75 75"
  "75 75 75"
  "75 75 75"
  "75 75 75"
  "75 75 75"
  "75 75 75"
  "75 75 75"
  "75 75 75"
  "75 75 75"
  "75 75 75"
  "75 75 75"
  "75 75 75"
  "75 75 75"
  "75 75 75"
  "75 75 75"
  "75 75 75"
  "75 75 75"
  "75 75 75"
  "75 75 75"
  "75 75 75"
  "75 75 75"
  "75 75 75"
  "75 75 75"
  "75 75 75"
  "75 75 75"
  "75 75 75"
  "75 75 75"
  "75 75 75"
  "75 75 75"
  "75 75 75"
  "75 75 75"
  "75 75 75"
  "75 75 75"
  "75 75 75"
  "75 75 75"
  "75 75 75"
  "75 75 75"
  "134 193 102"
  "75 75 75"
  "75 75 75"
  "75 75 75"
  "75 75 75"
  "75 75 75"
  "75 75 75"
  "75 75 75"
  "75 75 75"
  "75 75 75"
  "75 75 75"
  "75 75 75"
  "75 75 75"
  "75 75 75"
  "75 75 75"
  "75 75 75"
  "75 75 75"
  "75 75 75"
  "75 75 75"
  "75 75 75"
  "75 75 75"
  "75 75 75"
  "75 75 75"
  "75 75 75"
  "102 186 183"
  "38 135 133"
  "75 75 75"
  "75 75 75"
  "75 75 75"
  "75 75 75"
  "75 75 75"
  "75 75 75"
  "75 75 75"
  "129 199 212"
  "75 75 75"
  "75 75 75"
  "75 75 75"
  "75 75 75"
  "75 75 75"
  "75 75 75"
  "75 75 75"
  "75 75 75"
  "75 75 75"
  "75 75 75"
  "75 75 75"
  "75 75 75"
  "75 75 75"
  "75 75 75"
  "75 75 75"
  "75 75 75"
  "75 75 75"
  "75 75 75"
  "88 90 141"
  "75 75 75"
  "75 75 75"
  "75 75 75"
  "75 75 75"
  "75 75 75"
  "75 75 75"
  "75 75 75"
  "75 75 75"
  "75 75 75"
  "75 75 75"
  "75 75 75"
  "75 75 75"
  "75 75 75"
  "75 75 75"
  "75 75 75"
  "75 75 75"
  "75 75 75"
  "75 75 75"
  "75 75 75"
  "75 75 75"
  "75 75 75"
  "75 75 75"
  "75 75 75"
  "75 75 75"
  "75 75 75"
  "75 75 75"
  "75 75 75"
  "75 75 75"
  "75 75 75"
  "75 75 75"
  "75 75 75"
  "75 75 75"
  "75 75 75"
  "75 75 75"
  "75 75 75"
  "224 131 174"
  "75 75 75"
  "75 75 75"
  "75 75 75"
  "75 75 75"
  "75 75 75"
  "75 75 75"
  "75 75 75"
  "75 75 75"
  "75 75 75"
  "75 75 75"
  "75 75 75"
  "75 75 75"
  "75 75 75"
  "221 221 221"
  "198 198 198"
  "75 75 75"
  "75 75 75"
  "75 75 75"
  "75 75 75"
  "75 75 75"
  "68 68 68"
  "75 75 75"
  "0 0 0"
]
